import random

#
# def likes():
#     print("[")
#     for i in range(0,376):
#         i1=random.random()
#         j=random.random()
#         k=random.random()
#         ip=i1+j+k
#         i1=i1/ip
#         j=j/ip
#         k=k/ip
#
#         print((i1,j,k),end=',')
# likes()
likes1=[(0.35051923065118756, 0.005543364035515449, 0.643937405313297),(0.26695101301456436, 0.3268014758555351, 0.4062475111299006),(0.007880636791795358, 0.6322945042556899, 0.3598248589525148),(0.4328187602714118, 0.39996776406707496, 0.16721347566151318),(0.15464601251774118, 0.3866483494873539, 0.4587056379949049),(0.14924756585725754, 0.5845403160547952, 0.2662121180879474),(0.19802006644970396, 0.4964502985343953, 0.3055296350159007),(0.4533308525681836, 0.5452343483726153, 0.0014347990592010998),(0.27367228388787074, 0.4134692772750398, 0.3128584388370894),(0.20934489686282334, 0.2799789523979855, 0.5106761507391911),(0.3177642348436542, 0.4068353194858067, 0.2754004456705389),(0.32197185446682686, 0.33295554305796876, 0.3450726024752044),(0.0017750125844990274, 0.39251028179744707, 0.605714705618054),(0.23185750538307953, 0.03377837859037435, 0.734364116026546),(0.25199325146597545, 0.572458248006692, 0.17554850052733253),(0.11319441235616505, 0.7827057560859285, 0.10409983155790646),(0.07711884351361609, 0.4132319351855819, 0.509649221300802),(0.295708866161305, 0.32336250945119765, 0.3809286243874973),(0.6778551841351348, 0.00570249022323589, 0.31644232564162944),(0.4310132170557725, 0.2189435672007386, 0.350043215743489),(0.2972357661516045, 0.6467517791951358, 0.056012454653259734),(0.5710581379815395, 0.04818911079196581, 0.3807527512264947),(0.39860367282401654, 0.021102479934207413, 0.580293847241776),(0.5696009000428595, 0.09288359505156145, 0.3375155049055791),(0.43187705290430056, 0.045803222452325994, 0.5223197246433734),(0.28119995939512005, 0.34521978234527406, 0.37358025825960584),(0.32251574282479817, 0.653753976573819, 0.023730280601382842),(0.3079688216024751, 0.3663748272549594, 0.3256563511425656),(0.7475000718611787, 0.007927353676926924, 0.24457257446189437),(0.18287936426307677, 0.7943511285540888, 0.022769507182834405),(0.07880885507018713, 0.13877358286295224, 0.7824175620668608),(0.3756049392376566, 0.3028446311969329, 0.32155042956541047),(0.346703636520109, 0.5056774654891175, 0.14761889799077338),(0.5068971339408732, 0.383113277843275, 0.10998958821585184),(0.4693059766663993, 0.30196980539961255, 0.22872421793398817),(0.2389742411415123, 0.5786450013451421, 0.18238075751334556),(0.28330445798399334, 0.48594843340731303, 0.2307471086086936),(0.023962921709780684, 0.5463578221199835, 0.4296792561702358),(0.22801570944374752, 0.3696485570829734, 0.40233573347327906),(0.23390939649647274, 0.23996345062252852, 0.5261271528809988),(0.4757647812921222, 0.41630451357455844, 0.10793070513331937),(0.3562393889919203, 0.39296483636163754, 0.25079577464644215),(0.7748998052789423, 0.040991528008111386, 0.18410866671294635),(0.44667483044940487, 0.4641303101704755, 0.0891948593801196),(0.320420153636797, 0.3210478130430088, 0.3585320333201943),(0.2962405889494425, 0.004051514326105064, 0.6997078967244524),(0.3482382468191838, 0.4543281075385004, 0.19743364564231575),(0.4437328817838844, 0.24929364119598849, 0.30697347702012706),(0.6177575121523164, 0.054566522606856155, 0.3276759652408275),(0.3755752207468035, 0.33072877404946555, 0.293696005203731),(0.3860316123006545, 0.3528587106375169, 0.26110967706182864),(0.07242403820699071, 0.41611390674442145, 0.5114620550485878),(0.7765639434430895, 0.16676364516006736, 0.05667241139684315),(0.6200080411040643, 0.1251159507735224, 0.2548760081224134),(0.48969485734584745, 0.3650820233259474, 0.1452231193282051),(0.1541709329147419, 0.3974124932024038, 0.44841657388285433),(0.23369290139416665, 0.3077233739795007, 0.45858372462633273),(0.18037299992244485, 0.35912808798968043, 0.46049891208787463),(0.32026811690217105, 0.49446397049042706, 0.18526791260740177),(0.11957178429834413, 0.5544473615507887, 0.3259808541508672),(0.43025451403325204, 0.2746685751176013, 0.2950769108491466),(0.21562198810690159, 0.38963822714677177, 0.3947397847463265),(0.37658360286891174, 0.6209273628991444, 0.002489034231944),(0.08330269720425162, 0.28081025107307733, 0.635887051722671),(0.08325876839167817, 0.6117201093305926, 0.3050211222777292),(0.2028766904142917, 0.5009008353967022, 0.2962224741890062),(0.37061022840215463, 0.36880999324786745, 0.2605797783499779),(0.4331677533178615, 0.47664063823175457, 0.0901916084503838),(0.42791748280627756, 0.5685439156101896, 0.0035386015835327527),(0.38147232635021394, 0.29156068408303587, 0.3269669895667501),(0.36782195563380016, 0.1791356601680157, 0.45304238419818416),(0.1313531888677032, 0.5044201511625614, 0.36422665996973547),(0.435389999167181, 0.19962858222607424, 0.36498141860674466),(0.18175347344439968, 0.4964463429391332, 0.3218001836164671),(0.28497642085713737, 0.40701033959284916, 0.30801323955001353),(0.4414408082142353, 0.34434203528795976, 0.21421715649780493),(0.1532169400853735, 0.3123300747576013, 0.5344529851570252),(0.19904928489434226, 0.4311325247561968, 0.3698181903494608),(0.3831302088161536, 0.5208227967168008, 0.09604699446704557),(0.1255578204690955, 0.43973006080685756, 0.43471211872404686),(0.06568092097106855, 0.8895393130963916, 0.04477976593253984),(0.33616037796626974, 0.37491915469829007, 0.28892046733544025),(0.5257047125473673, 0.12668793461748393, 0.3476073528351488),(0.08716911725833419, 0.5340890354423649, 0.3787418472993008),(0.23849275453270727, 0.36456745273787144, 0.3969397927294214),(0.30629425133088967, 0.04100548540727205, 0.6527002632618382),(0.37728940748996376, 0.5159989719853635, 0.10671162052467276),(0.5257873616956191, 0.2647390383076802, 0.2094735999967006),(0.06710708836134549, 0.30078556768323506, 0.6321073439554195),(0.45135931118772493, 0.23733653309237346, 0.31130415571990155),(0.4595871050100476, 0.48639914732550643, 0.054013747664446006),(0.23214458043588831, 0.5775902383744215, 0.19026518118969032),(0.4833283806045552, 0.14900833387156515, 0.3676632855238796),(0.4409716397506013, 0.1507240601447247, 0.408304300104674),(0.04176656960241213, 0.8167835697638891, 0.14144986063369866),(0.48666869939210833, 0.037022222166912866, 0.4763090784409788),(0.4909780679121263, 0.309445410326291, 0.1995765217615828),(0.46837679308935387, 0.287906373039756, 0.24371683387089021),(0.22910692241230526, 0.47630236722131675, 0.2945907103663779),(0.27985850277848545, 0.3776963880939851, 0.34244510912752946),(0.3579226076853872, 0.3919894876180045, 0.2500879046966083),(0.37300981550036644, 0.3283489562089714, 0.2986412282906621),(0.31487571495505234, 0.3952140431805482, 0.2899102418643995),(0.5785191142366062, 0.10857971042602578, 0.3129011753373679),(0.05174884111109996, 0.7266189746507411, 0.22163218423815895),(0.17009563941277753, 0.3654927520952721, 0.4644116084919503),(0.3385188493754267, 0.2334951076600928, 0.42798604296448045),(0.6022033980038834, 0.006398147380485488, 0.39139845461563105),(0.3453639567150856, 0.06293705458848507, 0.5916989886964293),(0.01785131199561545, 0.07664467124499279, 0.9055040167593917),(0.3284614809673365, 0.4059821779832758, 0.26555634104938763),(0.4893567397499988, 0.09135193084416489, 0.4192913294058362),(0.21966476676675234, 0.47264213755212187, 0.3076930956811259),(0.5136240861056326, 0.24837715664589516, 0.23799875724847236),(0.11714175883416897, 0.2501770879555114, 0.6326811532103196),(0.5427654530774851, 0.324202109373597, 0.13303243754891783),(0.3241773401849781, 0.12914094923905614, 0.5466817105759657),(0.40412350710481076, 0.3725575954896246, 0.2233188974055648),(0.38900788508012285, 0.22088165463677698, 0.39011046028310015),(0.43398039662127585, 0.42442458824376117, 0.14159501513496298),(0.21915508621719343, 0.46067744707508856, 0.320167466707718),(0.13642292232806935, 0.7632201057311175, 0.10035697194081315),(0.20211940713073157, 0.14469331326203727, 0.6531872796072312),(0.3761915915917171, 0.09241422432400188, 0.531394184084281),(0.2664413929373663, 0.4128152358789915, 0.3207433711836422),(0.27008305227172663, 0.36134043546442834, 0.3685765122638451),(0.4541307379266725, 0.19678087397939195, 0.3490883880939355),(0.10711800693365142, 0.8337909312470824, 0.059091061819266225),(0.15920589033241847, 0.4360327516887888, 0.40476135797879276),(0.3047394046458001, 0.5631619831126334, 0.13209861224156644),(0.49288077692733123, 0.3763444005759893, 0.13077482249667946),(0.37437350457657065, 0.16062991336364082, 0.46499658205978867),(0.33903743848838447, 0.32810291869361397, 0.3328596428180016),(0.15482200646921288, 0.0370252089082237, 0.8081527846225635),(0.4551673793637437, 0.025094745636438674, 0.5197378749998176),(0.45896696064405185, 0.38703967879420964, 0.1539933605617386),(0.46211406196492255, 0.4124111755883249, 0.12547476244675249),(0.4353811391429808, 0.03365491002203109, 0.530963950834988),(0.2829365152098208, 0.3448108971554412, 0.37225258763473806),(0.3906037902460773, 0.41798129420046076, 0.19141491555346188),(0.4472577881051273, 0.03363355569764336, 0.5191086561972293),(0.24603330167178003, 0.4468891009828012, 0.3070775973454187),(0.43506926853110917, 0.3361345902868337, 0.22879614118205735),(0.5173030190001655, 0.2784448210031152, 0.20425215999671914),(0.29297077339136257, 0.6194118383067542, 0.08761738830188333),(0.515952743194445, 0.4343264942469646, 0.049720762558590426),(0.25688344228335674, 0.424385783536666, 0.31873077417997714),(0.1372745088645004, 0.39122160907675485, 0.4715038820587449),(0.42504662094449974, 0.517296506509035, 0.057656872546465184),(0.15638793935643205, 0.4003219473936659, 0.44329011324990203),(0.07300006105263572, 0.3739329955236445, 0.5530669434237198),(0.5784959635914263, 0.1699101000378505, 0.25159393637072314),(0.4754838100482842, 0.49934167757390735, 0.025174512377808364),(0.11112254234561685, 0.31272081050163314, 0.5761566471527501),(0.31048801185852637, 0.42816155471063483, 0.2613504334308387),(0.6150394225232603, 0.19124019271853793, 0.19372038475820186),(0.5902877411371952, 0.07421309386525501, 0.3354991649975498),(0.2196276633375366, 0.40285488229962857, 0.37751745436283485),(0.20836627102674732, 0.34106593666537466, 0.450567792307878),(0.5881723243585808, 0.029636388752079346, 0.38219128688933984),(0.19436816900142057, 0.19154813226027803, 0.6140836987383014),(0.5164870042489585, 0.20231374087487455, 0.2811992548761669),(0.3479596283110846, 0.3559838571363001, 0.29605651455261517),(0.11672064153138131, 0.4935667009293361, 0.3897126575392826),(0.4250015704339525, 0.3009070764175769, 0.2740913531484707),(0.05479400071522342, 0.28154779066982727, 0.6636582086149493),(0.6244959371733749, 0.3564565760412904, 0.019047486785334754),(0.16345277559924856, 0.28993429328373976, 0.5466129311170116),(0.36718171779003556, 0.4452917024249507, 0.1875265797850137),(0.2839804743563754, 0.3302336635612768, 0.38578586208234766),(0.4314538365751646, 0.2149951741550158, 0.35355098926981965),(0.5769424290699027, 0.0425098150428072, 0.3805477558872901),(0.4852953643711244, 0.07412750564719062, 0.44057712998168497),(0.07941697330462862, 0.5769399168384712, 0.34364310985690016),(0.45152607044892895, 0.05444855689932997, 0.49402537265174107),(0.20237053066829494, 0.4221111482715069, 0.3755183210601982),(0.508163259825629, 0.44641292655916215, 0.04542381361520882),(0.4222485219005528, 0.4301566117019272, 0.14759486639752),(0.4231793118132175, 0.3529379988105158, 0.22388268937626662),(0.2643844606197676, 0.2524633182686774, 0.483152221111555),(0.3871803789185374, 0.05088870804690418, 0.5619309130345584),(0.2988721942985873, 0.33960358706686344, 0.3615242186345493),(0.4197872127981064, 0.01796853344271663, 0.562244253759177),(0.267612856486526, 0.024385998654028598, 0.7080011448594454),(0.30042445551973607, 0.2787355903260304, 0.42083995415423364),(0.011368767475405024, 0.9183750801052522, 0.07025615241934281),(0.09371305631175877, 0.4835985525785717, 0.42268839110966966),(0.0895118925820021, 0.13616764673267612, 0.7743204606853219),(0.08878312253218415, 0.6474441460074426, 0.2637727314603732),(0.07006210145477197, 0.3399261459661744, 0.5900117525790537),(0.17864875114081594, 0.5144037396157206, 0.3069475092434635),(0.07793778945094616, 0.6530810658999731, 0.26898114464908085),(0.4416478106569, 0.16450622629864298, 0.393845963044457),(0.3850838436911535, 0.09666528982443595, 0.5182508664844105),(0.17329956212501874, 0.3251095128718545, 0.5015909250031267),(0.6198732565717568, 0.3322714477329484, 0.047855295695294814),(0.5129953287990101, 0.4541325566782455, 0.03287211452274427),(0.26792215976370587, 0.40098291030550726, 0.3310949299307868),(0.17099392586068468, 0.7745973872384709, 0.05440868690084434),(0.47042358252964195, 0.20135187103822655, 0.3282245464321314),(0.2526168662518595, 0.33131012990443864, 0.4160730038437018),(0.2520875630466875, 0.1733093758647818, 0.5746030610885307),(0.6943688464559823, 0.19610080527209436, 0.10953034827192346),(0.1701897419072304, 0.492244607153782, 0.3375656509389876),(0.28665764566621227, 0.4712842100348527, 0.24205814429893502),(0.16289559524222583, 0.34849042644274963, 0.4886139783150244),(0.37164756515658426, 0.26164156779863945, 0.3667108670447762),(0.006556200125170476, 0.5586394078989465, 0.43480439197588305),(0.5001075136158206, 0.04205904018798366, 0.45783344619619576),(0.5600123349555696, 0.3370348523706869, 0.10295281267374348),(0.08696783434752953, 0.5568459010030237, 0.35618626464944686),(0.4870779162646901, 0.27836084607028727, 0.23456123766502265),(0.18841305216320278, 0.43806162669803195, 0.3735253211387652),(0.23338106488312904, 0.37554113644431986, 0.3910777986725511),(0.003248974065552394, 0.07986863715229413, 0.9168823887821534),(0.28938409465343135, 0.39151960635088723, 0.3190962989956815),(0.4246283349142271, 0.13479216460473611, 0.4405795004810369),(0.58052169370148, 0.08755858418082824, 0.3319197221176918),(0.43306357996590716, 0.09103443949554837, 0.4759019805385446),(0.24774394385193826, 0.47617756582835613, 0.2760784903197056),(0.06864460192024623, 0.6034231383679447, 0.3279322597118091),(0.3580158587052905, 0.35781101311771574, 0.2841731281769938),(0.2339207611434518, 0.5210789533891269, 0.2450002854674213),(0.3806720444806827, 0.32950096281734376, 0.28982699270197354),(0.19089660561688554, 0.5369723182372265, 0.27213107614588805),(0.16101514728074723, 0.4250495788212245, 0.41393527389802826),(0.3261697413072027, 0.38009769940142235, 0.29373255929137493),(0.13770645885642757, 0.4386502322521612, 0.42364330889141116),(0.1530057202116072, 0.42269674684697206, 0.42429753294142064),(0.4080331868262773, 0.06591703052554439, 0.5260497826481784),(0.3382007979546913, 0.32675264187876985, 0.3350465601665387),(0.3336521129699346, 0.2184387194352615, 0.4479091675948039),(0.3634898851141872, 0.1494867535606857, 0.4870233613251272),(0.3104091631270735, 0.2759969464339685, 0.41359389043895806),(0.15959147145708003, 0.29054035833063, 0.54986817021229),(0.30590423403584677, 0.22371948374174408, 0.4703762822224092),(0.6325718861589611, 0.02781836133365429, 0.3396097525073846),(0.30072855146799593, 0.3208885537818412, 0.37838289475016285),(0.33394920487868784, 0.5079675708024819, 0.15808322431883023),(0.06887738750234033, 0.40814534649548734, 0.5229772660021723),(0.5075193662648338, 0.19614611894110007, 0.2963345147940661),(0.609116951661032, 0.0183686295585593, 0.37251441878040875),(0.4850729353938317, 0.12838858269771586, 0.3865384819084526),(0.2410783456649718, 0.6970419674352831, 0.061879686899745115),(0.14509148513280806, 0.37396740720810934, 0.4809411076590826),(0.36700040991424876, 0.4648484111041187, 0.16815117898163245),(0.3798777245729033, 0.2236434361647691, 0.39647883926232763),(0.619966415012142, 0.08111209772124242, 0.2989214872666155),(0.5239088496098083, 0.18228921098193188, 0.2938019394082598),(0.3714460304083138, 0.4882318105583068, 0.14032215903337955),(0.3705534950764571, 0.23946971870808698, 0.38997678621545595),(0.05144851246965878, 0.936746650594519, 0.011804836935822268),(0.30832332799079104, 0.28230295860972354, 0.40937371339948553),(0.44669163567500914, 0.05955352104457968, 0.49375484328041114),(0.5164282272029119, 0.2709739800741471, 0.21259779272294102),(0.28833543216515756, 0.3236773876486093, 0.38798718018623307),(0.12357250138637665, 0.26063967387418613, 0.6157878247394372),(0.35473737112746345, 0.24983814938744256, 0.395424479485094),(0.3115651629963537, 0.41187170225494585, 0.2765631347487006),(0.08784265317742639, 0.136429147034024, 0.7757281997885496),(0.23098671617612687, 0.4002054244552704, 0.3688078593686028),(0.3443012813222161, 0.22247043310462378, 0.43322828557316007),(0.3555698846797471, 0.45718368835624285, 0.18724642696400998),(0.19502926517924474, 0.23386182624611018, 0.5711089085746451),(0.3825841907242023, 0.3616778779641519, 0.25573793131164585),(0.5527092292328356, 0.13407583835749598, 0.31321493240966836),(0.37493720259899654, 0.09818702600128906, 0.5268757713997144),(0.47785301633495286, 0.10102274527183965, 0.4211242383932075),(0.6570866895409414, 0.1941825891495277, 0.14873072130953097),(0.08157400147651653, 0.44027112459205164, 0.4781548739314318),(0.09929490246658737, 0.3776408860889465, 0.523064211444466),(0.05379778151901672, 0.34394244818174985, 0.6022597702992335),(0.1681615447810049, 0.41660824473446767, 0.41523021048452746),(0.5168903557183994, 0.4484807588761814, 0.03462888540541928),(0.45623349526024143, 0.44814548682869165, 0.09562101791106697),(0.27747025351747134, 0.15028555186579332, 0.5722441946167354),(0.5179597196941772, 0.12514888563064117, 0.3568913946751816),(0.024139708083438592, 0.42225419547964477, 0.5536060964369166),(0.21375271308398835, 0.20080826431222012, 0.5854390226037915),(0.25848989666928757, 0.3182154301898436, 0.4232946731408688),(0.07887714789912137, 0.882052804659047, 0.03907004744183174),(0.17867802572878025, 0.3016483015018925, 0.5196736727693273),(0.7087790666380843, 0.2839294165090537, 0.007291516852861968),(0.40900894900958573, 0.5690079888654532, 0.02198306212496096),(0.3217372754225876, 0.315790979407313, 0.36247174517009956),(0.3948254346003619, 0.034182686013783534, 0.5709918793858545),(0.5994567398575715, 0.2956730587160047, 0.10487020142642368),(0.3402695085027072, 0.24905254818750316, 0.41067794330978963),(0.427439315836666, 0.3574438392259255, 0.2151168449374084),(0.4081795880080788, 0.4390743707538134, 0.15274604123810778),(0.536366694301207, 0.4002661816950187, 0.06336712400377438),(0.6118741362867179, 0.11180695114166075, 0.2763189125716212),(0.4204314724905548, 0.289380706148935, 0.29018782136051013),(0.3768257323504617, 0.4263440217688505, 0.19683024588068787),(0.3232332810967416, 0.49117084296740027, 0.18559587593585825),(0.09314052313843613, 0.5313657923011242, 0.3754936845604397),(0.23548426612353196, 0.3053495877451471, 0.45916614613132095),(0.2852574025243642, 0.2903110384826364, 0.4244315589929995),(0.08209627373111554, 0.8281601528346872, 0.08974357343419737),(0.39469032927768793, 0.48511171313968626, 0.12019795758262598),(0.3461483646909788, 0.4984544896276502, 0.15539714568137095),(0.14267655569780194, 0.4501508749633426, 0.4071725693388554),(0.40682494489098775, 0.4877737829981596, 0.10540127211085264),(0.09813450495585228, 0.8031375428260689, 0.09872795221807885),(0.018739329253383584, 0.7914202012529185, 0.189840469493698),(0.04190167713168462, 0.5306426129642015, 0.42745570990411397),(0.41351596856807793, 0.49777114223748786, 0.08871288919443415),(0.12182646235281543, 0.764000838825675, 0.1141726988215096),(0.15239698053323208, 0.20423689947187687, 0.643366119994891),(0.27685885744777167, 0.4433815641815876, 0.2797595783706406),(0.5512311507338775, 0.35223459747841546, 0.09653425178770707),(0.5531160311161728, 0.2777833364708759, 0.1691006324129512),(0.2253500833714645, 0.4439086895345636, 0.330741227093972),(0.17954623889862398, 0.5883392493634052, 0.23211451173797096),(0.1769250262904765, 0.3184470144972586, 0.5046279592122649),(0.14408889098994204, 0.39184011037882144, 0.46407099863123663),(0.18394584164691252, 0.21404110327264594, 0.6020130550804416),(0.44125818837744707, 0.36149837663033885, 0.19724343499221406),(0.2818697058257613, 0.45808591400503096, 0.2600443801692078),(0.2640713432998299, 0.3861886377610802, 0.3497400189390899),(0.3297526582380917, 0.1590079522454108, 0.5112393895164975),(0.61468631444876, 0.1609282765852378, 0.22438540896600215),(0.025897441033386325, 0.8208756251463107, 0.15322693382030292),(0.08620921410270238, 0.06253113901611487, 0.8512596468811827),(0.018964293435922923, 0.6187646126182383, 0.3622710939458387),(0.0012154006806013088, 0.6735681800005483, 0.32521641931885037),(0.3755437392086647, 0.2937223038422718, 0.33073395694906355),(0.4362636202985326, 0.36517265155035067, 0.19856372815111667),(0.5405126843632567, 0.20217514030509473, 0.2573121753316485),(0.340389031874365, 0.23671188930297524, 0.4228990788226598),(0.5383544716699966, 0.19437026639713126, 0.26727526193287215),(0.07170920537212437, 0.49107208837748123, 0.4372187062503944),(0.5791595816274889, 0.26350743728471515, 0.15733298108779595),(0.35204987728609616, 0.36144972321750374, 0.28650039949640016),(0.1864465767544621, 0.5810204756431546, 0.23253294760238344),(0.6714136851209976, 0.053990970312984256, 0.27459534456601814),(0.5993437845875534, 0.2227519436885281, 0.17790427172391843),(0.4047183599942959, 0.23025209142194947, 0.3650295485837547),(0.3289549475677595, 0.35489737918996955, 0.316147673242271),(0.3246087766560014, 0.28786085165625863, 0.38753037168773996),(0.27180217735438644, 0.3854489083809671, 0.34274891426464643),(0.025413254330937756, 0.45389705511811873, 0.5206896905509435),(0.11140040702682166, 0.7497645617744806, 0.1388350311986979),(0.3018534757045621, 0.6473469268195654, 0.050799597475872496),(0.3254208078456329, 0.6148214804065322, 0.059757711747835),(0.28347305892049973, 0.2313126159522445, 0.48521432512725576),(0.3910330199059947, 0.4998515798183347, 0.10911540027567063),(0.24975085444780845, 0.5134861992458015, 0.23676294630638992),(0.49962096091768005, 0.4413702410186749, 0.05900879806364504),(0.41435662808326595, 0.360395711039086, 0.22524766087764805),(0.33448131511343027, 0.32865214613375227, 0.33686653875281747),(0.34454188352395976, 0.3786885969315628, 0.2767695195444774),(0.13730203006659517, 0.16922158120036954, 0.6934763887330353),(0.2867115163885238, 0.03333979643797846, 0.6799486871734978),(0.01815781889982119, 0.5982196610633085, 0.3836225200368702),(0.029080664000705782, 0.423276796804117, 0.5476425391951771),(0.7000608229210444, 0.16134291851138086, 0.13859625856757474),(0.292602529017066, 0.5915097928716265, 0.11588767811130751),(0.706669762884495, 0.011904091096940142, 0.2814261460185647),(0.5582936922037969, 0.23207050132916146, 0.20963580646704164),(0.07051228414969667, 0.3536014700178247, 0.5758862458324787),(0.31821128455309217, 0.38646039718891356, 0.2953283182579942),(0.03937027539020636, 0.429119767028624, 0.5315099575811697),(0.0686565755453405, 0.29820368517539225, 0.6331397392792673),(0.18647681546637299, 0.5605867324940291, 0.252936452039598),(0.4035801878607844, 0.17644834937272175, 0.4199714627664939),(0.30619663221085913, 0.07667705939921231, 0.6171263083899284),(0.30914805160133446, 0.4780296974455257, 0.21282225095313975),(0.34547652992275674, 0.33857665603833315, 0.3159468140389102),(0.129204522923019, 0.4634682404139225, 0.4073272366630586),(0.4798170727568939, 0.13426369232756152, 0.38591923491554453),(0.405102120728632, 0.3284751405871612, 0.2664227386842068),(0.000857456580165571, 0.17270297763600495, 0.8264395657838295),(0.3706802788596735, 0.4220337172312188, 0.2072860039091078),(0.39987461864734536, 0.373006487178474, 0.22711889417418055),(0.20490008713884986, 0.3489303867034815, 0.4461695261576686)]
# print("]")
